6865787500013
6865787500020
6865787500037
6865787500044
6865787500051
6865787500068
6865787500075
6865787500082
6865787500099
6865787500105
6865787500112
6865787500129
6865787500136
6865787500143
6865787500150
6865787500167
6865787500174
6865787500181
6865787500198
6865787500204
6865787500211
6865787500228
6865787500235
6865787500242
6865787500259
6865787500266
6865787500273
6865787500280
6865787500297
6865787500303
6865787500310
6865787500327
6865787500334
6865787500341
6865787500358
6865787500365
6865787500372
6865787500389
6865787500396
6865787500402
6865787500419
6865787500426
6865787500433
6865787500440
6865787500457
6865787500464
6865787500471
6865787500488
6865787500495
6865787500501
6865787500518
6865787500525
6865787500532
6865787500549
6865787500556
6865787500563
6865787500570
6865787500587
6865787500594
6865787500600
6865787500617
6865787500624
6865787500631
6865787500648
6865787500655
6865787500662
6865787500679
6865787500686
6865787500693
6865787500709
6865787500716
6865787500723
6865787500730
6865787500747
6865787500754
6865787500761
6865787500778
6865787500785
6865787500792
6865787500808
6865787500815
6865787500822
6865787500839
6865787500846
6865787500853
6865787500860
6865787500877
6865787500884
6865787500891
6865787500907
6865787500914
6865787500921
6865787500938
6865787500945
6865787500952
6865787500969
6865787500976
6865787500983
6865787500990
6865787501003
6865787501010
6865787501027
6865787501034
6865787501041
6865787501058
6865787501065
6865787501072
6865787501089
6865787501096
6865787501102
6865787501119
6865787501126
6865787501133
6865787501140
6865787501157
6865787501164
6865787501171
6865787501188
6865787501195
6865787501201
6865787501218
6865787501225
6865787501232
6865787501249
6865787501256
6865787501263
6865787501270
6865787501287
6865787501294
6865787501300
6865787501317
6865787501324
6865787501331
6865787501348
6865787501355
6865787501362
6865787501379
6865787501386
6865787501393
6865787501409
6865787501416
6865787501423
6865787501430
6865787501447
6865787501454
6865787501461
6865787501478
6865787501485
6865787501492
6865787501508
6865787501515
6865787501522
6865787501539
6865787501546
6865787501553
6865787501560
6865787501577
6865787501584
6865787501591
6865787501607
6865787501614
6865787501621
6865787501638
6865787501645
6865787501652
6865787501669
6865787501676
6865787501683
6865787501690
6865787501706
6865787501713
6865787501720
6865787501737
6865787501744
6865787501751
6865787501768
6865787501775
6865787501782
6865787501799
6865787501805
6865787501812
6865787501829
6865787501836
6865787501843
6865787501850
6865787501867
6865787501874
6865787501881
